2.050000e+03 7.477300e-01 5.603700e-08 0.000000e+00 5.714100e-08
2.051000e+03 5.979454e-01 9.630500e-08 0.000000e+00 9.719200e-08
2.052000e+03 5.198433e-01 1.098500e-07 0.000000e+00 1.106200e-07
2.053000e+03 6.983972e-01 7.262900e-08 0.000000e+00 7.366100e-08
2.054000e+03 4.956197e-01 1.207800e-07 0.000000e+00 1.215300e-07
2.055000e+03 4.834087e-01 1.183000e-07 0.000000e+00 1.190300e-07
2.056000e+03 7.566447e-01 5.224800e-08 0.000000e+00 5.337500e-08
2.057000e+03 5.042263e-01 1.120500e-07 0.000000e+00 1.128000e-07
2.058000e+03 4.729087e-01 1.207800e-07 0.000000e+00 1.214800e-07
2.059000e+03 5.761362e-01 1.015000e-07 0.000000e+00 1.023700e-07
2.060000e+03 1.261260e-01 2.534300e-07 0.000000e+00 2.536200e-07
2.061000e+03 2.110611e-01 2.165900e-07 0.000000e+00 2.169100e-07
2.062000e+03 5.882243e-01 9.363500e-08 0.000000e+00 9.452200e-08
2.063000e+03 3.369137e-01 1.586500e-07 0.000000e+00 1.591600e-07
2.064000e+03 1.637360e-01 2.325200e-07 0.000000e+00 2.327800e-07
2.065000e+03 2.997410e-03 3.247800e-07 0.000000e+00 3.247900e-07
2.066000e+03 2.205312e-02 3.021600e-07 0.000000e+00 3.022000e-07
2.067000e+03 4.680163e-01 1.280000e-07 0.000000e+00 1.287200e-07
2.068000e+03 5.027420e-01 1.111100e-07 0.000000e+00 1.118800e-07
2.069000e+03 4.136590e-01 1.142700e-07 0.000000e+00 1.149000e-07
2.070000e+03 6.960684e-01 5.378200e-08 0.000000e+00 5.484500e-08
2.071000e+03 5.453680e-01 8.055800e-08 0.000000e+00 8.138800e-08
2.072000e+03 4.900153e-01 9.462000e-08 0.000000e+00 9.537600e-08
2.073000e+03 4.059089e-01 1.411500e-07 0.000000e+00 1.417800e-07
2.074000e+03 1.373799e-01 2.377700e-07 0.000000e+00 2.379900e-07
2.075000e+03 4.794489e-01 1.155400e-07 0.000000e+00 1.162800e-07
2.076000e+03 5.829406e-01 7.625600e-08 0.000000e+00 7.715000e-08
2.077000e+03 1.264883e-02 2.677600e-07 0.000000e+00 2.677800e-07
2.078000e+03 3.024547e-02 2.391400e-07 0.000000e+00 2.391900e-07
2.079000e+03 1.942897e-01 1.809600e-07 0.000000e+00 1.812700e-07
2.080000e+03 6.193454e-01 7.081200e-08 0.000000e+00 7.176500e-08
2.081000e+03 5.772118e-01 6.740500e-08 0.000000e+00 6.829100e-08
2.082000e+03 2.593252e-01 1.726700e-07 0.000000e+00 1.730800e-07
2.083000e+03 7.360887e-01 3.999300e-08 0.000000e+00 4.111800e-08
2.084000e+03 6.382475e-01 5.134400e-08 0.000000e+00 5.231700e-08
2.085000e+03 6.247710e-01 5.781100e-08 0.000000e+00 5.877100e-08
2.086000e+03 5.561115e-01 7.537000e-08 0.000000e+00 7.623000e-08
2.087000e+03 3.039755e-01 1.678800e-07 0.000000e+00 1.683600e-07
2.088000e+03 4.692665e-01 1.121500e-07 0.000000e+00 1.128800e-07
2.089000e+03 4.189022e-01 1.208000e-07 0.000000e+00 1.214700e-07
2.090000e+03 1.628946e-02 2.852600e-07 0.000000e+00 2.852900e-07
2.091000e+03 3.349087e-01 1.450800e-07 0.000000e+00 1.456100e-07
2.092000e+03 5.926974e-01 6.524500e-08 0.000000e+00 6.616300e-08
2.093000e+03 5.031896e-01 8.964000e-08 0.000000e+00 9.041800e-08
2.094000e+03 4.596827e-01 8.685300e-08 0.000000e+00 8.757600e-08
2.095000e+03 4.345039e-01 1.006600e-07 0.000000e+00 1.013400e-07
2.096000e+03 7.142941e-01 3.740700e-08 0.000000e+00 3.850800e-08
2.097000e+03 4.346911e-01 1.153800e-07 0.000000e+00 1.160500e-07
2.098000e+03 6.532288e-01 5.284500e-08 0.000000e+00 5.386200e-08
2.099000e+03 4.858977e-01 7.904200e-08 0.000000e+00 7.979300e-08
2.100000e+03 4.410841e-01 1.191100e-07 0.000000e+00 1.198000e-07
