2.050000e+03 0.000000e+00 1.140000e-13 9.630000e-07 1.595000e+01
2.051000e+03 0.000000e+00 3.050000e-14 9.630000e-07 1.727000e+01
2.052000e+03 0.000000e+00 4.510000e-14 9.640000e-07 1.688000e+01
2.053000e+03 0.000000e+00 2.200000e-13 9.630000e-07 1.529000e+01
2.054000e+03 0.000000e+00 2.120000e-17 9.640000e-07 2.454000e+01
2.055000e+03 0.000000e+00 2.170000e-14 9.690000e-07 1.761000e+01
2.056000e+03 0.000000e+00 2.060000e-13 9.740000e-07 1.537000e+01
2.057000e+03 0.000000e+00 6.050000e-14 9.690000e-07 1.659000e+01
2.058000e+03 0.000000e+00 1.200000e-15 9.690000e-07 2.051000e+01
2.059000e+03 0.000000e+00 4.000000e-18 9.760000e-07 2.622000e+01
2.060000e+03 0.000000e+00 1.170000e-33 9.740000e-07 6.199000e+01
2.061000e+03 0.000000e+00 5.030000e-25 9.730000e-07 4.211000e+01
2.062000e+03 0.000000e+00 1.430000e-20 9.750000e-07 3.185000e+01
2.063000e+03 0.000000e+00 4.370000e-24 9.780000e-07 3.995000e+01
2.064000e+03 0.000000e+00 7.190000e-31 9.780000e-07 5.557000e+01
2.065000e+03 0.000000e+00 0.000000e+00 9.800000e-07 9.999000e+01
2.066000e+03 0.000000e+00 0.000000e+00 9.830000e-07 9.999000e+01
2.067000e+03 0.000000e+00 1.760000e-22 9.820000e-07 3.626000e+01
2.068000e+03 0.000000e+00 1.790000e-16 9.840000e-07 2.243000e+01
2.069000e+03 0.000000e+00 1.660000e-16 9.830000e-07 2.250000e+01
2.070000e+03 0.000000e+00 1.700000e-14 9.860000e-07 1.787000e+01
2.071000e+03 0.000000e+00 1.300000e-13 9.800000e-07 1.584000e+01
2.072000e+03 0.000000e+00 9.950000e-16 9.840000e-07 2.071000e+01
2.073000e+03 0.000000e+00 2.590000e-17 9.850000e-07 2.436000e+01
2.074000e+03 0.000000e+00 5.870000e-29 9.880000e-07 5.118000e+01
2.075000e+03 0.000000e+00 4.810000e-17 9.860000e-07 2.374000e+01
2.076000e+03 0.000000e+00 2.950000e-16 9.890000e-07 2.193000e+01
2.077000e+03 0.000000e+00 6.240000e-34 9.870000e-07 6.263000e+01
2.078000e+03 0.000000e+00 1.050000e-31 9.870000e-07 5.750000e+01
2.079000e+03 0.000000e+00 2.310000e-21 9.860000e-07 3.369000e+01
2.080000e+03 0.000000e+00 6.010000e-15 9.850000e-07 1.892000e+01
2.081000e+03 0.000000e+00 5.990000e-14 9.840000e-07 1.661000e+01
2.082000e+03 0.000000e+00 8.150000e-18 9.910000e-07 2.552000e+01
2.083000e+03 0.000000e+00 1.500000e-12 9.900000e-07 1.340000e+01
2.084000e+03 0.000000e+00 3.850000e-12 9.860000e-07 1.245000e+01
2.085000e+03 0.000000e+00 1.470000e-12 9.900000e-07 1.342000e+01
2.086000e+03 0.000000e+00 2.770000e-14 9.970000e-07 1.740000e+01
2.087000e+03 0.000000e+00 5.820000e-19 9.890000e-07 2.816000e+01
2.088000e+03 0.000000e+00 4.030000e-19 9.920000e-07 2.853000e+01
2.089000e+03 0.000000e+00 8.260000e-20 9.990000e-07 3.012000e+01
2.090000e+03 0.000000e+00 0.000000e+00 9.960000e-07 9.999000e+01
2.091000e+03 0.000000e+00 1.200000e-20 9.910000e-07 3.204000e+01
2.092000e+03 0.000000e+00 5.080000e-15 9.960000e-07 1.909000e+01
2.093000e+03 0.000000e+00 4.000000e-14 9.950000e-07 1.703000e+01
2.094000e+03 0.000000e+00 7.290000e-16 9.940000e-07 2.103000e+01
2.095000e+03 0.000000e+00 1.190000e-14 9.990000e-07 1.825000e+01
2.096000e+03 0.000000e+00 1.020000e-12 1.000000e-06 1.380000e+01
2.097000e+03 0.000000e+00 1.850000e-13 1.000000e-06 1.550000e+01
2.098000e+03 0.000000e+00 1.100000e-12 1.010000e-06 1.372000e+01
2.099000e+03 0.000000e+00 1.880000e-13 1.010000e-06 1.549000e+01
2.100000e+03 0.000000e+00 3.560000e-14 1.010000e-06 1.716000e+01
2.101000e+03 0.000000e+00 2.160000e-12 1.010000e-06 1.305000e+01
2.102000e+03 0.000000e+00 4.870000e-11 1.010000e-06 9.941000e+00
2.103000e+03 0.000000e+00 9.230000e-13 1.010000e-06 1.390000e+01
2.104000e+03 0.000000e+00 1.690000e-11 1.010000e-06 1.100000e+01
2.105000e+03 0.000000e+00 2.980000e-11 1.010000e-06 1.043000e+01
2.106000e+03 0.000000e+00 2.610000e-15 1.010000e-06 1.978000e+01
2.107000e+03 0.000000e+00 1.970000e-15 1.010000e-06 2.006000e+01
2.108000e+03 0.000000e+00 1.770000e-12 1.010000e-06 1.326000e+01
2.109000e+03 0.000000e+00 1.180000e-11 1.020000e-06 1.136000e+01
2.110000e+03 0.000000e+00 3.100000e-11 1.010000e-06 1.040000e+01
2.111000e+03 1.000000e-04 8.810000e-11 1.010000e-06 9.347000e+00
2.112000e+03 0.000000e+00 8.900000e-12 1.020000e-06 1.164000e+01
2.113000e+03 0.000000e+00 7.900000e-12 1.020000e-06 1.177000e+01
2.114000e+03 0.000000e+00 1.860000e-15 1.010000e-06 2.011000e+01
2.115000e+03 0.000000e+00 2.780000e-32 1.020000e-06 5.886000e+01
2.116000e+03 0.000000e+00 1.430000e-16 1.030000e-06 2.270000e+01
2.117000e+03 0.000000e+00 6.860000e-12 1.020000e-06 1.191000e+01
2.118000e+03 0.000000e+00 2.820000e-11 1.020000e-06 1.049000e+01
2.119000e+03 0.000000e+00 7.310000e-12 1.020000e-06 1.184000e+01
2.120000e+03 0.000000e+00 2.100000e-12 1.010000e-06 1.309000e+01
2.121000e+03 0.000000e+00 3.910000e-13 1.010000e-06 1.477000e+01
2.122000e+03 0.000000e+00 1.010000e-12 1.020000e-06 1.383000e+01
2.123000e+03 0.000000e+00 1.900000e-15 1.020000e-06 2.010000e+01
2.124000e+03 0.000000e+00 1.320000e-14 1.020000e-06 1.817000e+01
2.125000e+03 0.000000e+00 1.310000e-15 1.030000e-06 2.048000e+01
2.126000e+03 0.000000e+00 4.810000e-11 1.020000e-06 9.965000e+00
2.127000e+03 0.000000e+00 3.710000e-11 1.030000e-06 1.023000e+01
2.128000e+03 0.000000e+00 1.370000e-11 1.030000e-06 1.123000e+01
2.129000e+03 0.000000e+00 9.650000e-13 1.030000e-06 1.388000e+01
2.130000e+03 0.000000e+00 3.410000e-11 1.030000e-06 1.031000e+01
2.131000e+03 1.000000e-04 1.020000e-10 1.030000e-06 9.224000e+00
2.132000e+03 1.000000e-04 7.410000e-11 1.030000e-06 9.542000e+00
2.133000e+03 8.000000e-04 8.580000e-10 1.030000e-06 7.093000e+00
2.134000e+03 5.000000e-04 4.820000e-10 1.030000e-06 7.667000e+00
2.135000e+03 0.000000e+00 2.340000e-11 1.030000e-06 1.069000e+01
2.136000e+03 0.000000e+00 2.660000e-21 1.030000e-06 3.359000e+01
2.137000e+03 0.000000e+00 3.150000e-20 1.030000e-06 3.112000e+01
2.138000e+03 0.000000e+00 1.290000e-15 1.030000e-06 2.050000e+01
2.139000e+03 0.000000e+00 1.120000e-14 1.030000e-06 1.834000e+01
2.140000e+03 0.000000e+00 1.700000e-12 1.030000e-06 1.332000e+01
2.141000e+03 2.000000e-04 1.740000e-10 1.030000e-06 8.685000e+00
2.142000e+03 1.000000e-04 1.140000e-10 1.030000e-06 9.113000e+00
2.143000e+03 4.000000e-04 4.560000e-10 1.040000e-06 7.732000e+00
2.144000e+03 1.000000e-04 1.130000e-10 1.030000e-06 9.117000e+00
2.145000e+03 0.000000e+00 5.750000e-14 1.030000e-06 1.670000e+01
2.146000e+03 0.000000e+00 7.210000e-15 1.040000e-06 1.878000e+01
2.147000e+03 0.000000e+00 8.600000e-13 1.020000e-06 1.399000e+01
2.148000e+03 0.000000e+00 9.230000e-18 1.020000e-06 2.543000e+01
2.149000e+03 0.000000e+00 2.980000e-11 1.020000e-06 1.044000e+01
2.150000e+03 2.000000e-04 1.600000e-10 1.020000e-06 8.762000e+00
