6.550000e+02 0.000000e+00 1.000000e+00 9.979000e-01 9.993000e-01
6.600000e+02 0.000000e+00 1.000000e+00 9.979000e-01 9.994000e-01
6.650000e+02 0.000000e+00 1.000000e+00 9.980000e-01 9.994000e-01
6.700000e+02 0.000000e+00 1.000000e+00 9.980000e-01 9.995000e-01
6.750000e+02 0.000000e+00 1.000000e+00 9.980000e-01 9.995000e-01
6.800000e+02 0.000000e+00 1.000000e+00 9.980000e-01 9.994000e-01
6.850000e+02 0.000000e+00 1.000000e+00 9.980000e-01 9.994000e-01
6.900000e+02 0.000000e+00 1.000000e+00 9.980000e-01 9.994000e-01
6.950000e+02 2.000000e-04 1.000000e+00 9.980000e-01 9.994000e-01
7.000000e+02 1.100000e-03 1.000000e+00 9.980000e-01 9.994000e-01
7.050000e+02 6.900000e-03 1.000000e+00 9.980000e-01 9.994000e-01
7.100000e+02 2.240000e-02 1.000000e+00 9.980000e-01 9.994000e-01
7.150000e+02 3.990000e-02 1.000000e+00 9.980000e-01 9.994000e-01
7.200000e+02 7.470000e-02 1.000000e+00 9.980000e-01 9.994000e-01
7.250000e+02 1.136000e-01 1.000000e+00 9.980000e-01 9.994000e-01
7.300000e+02 1.211000e-01 1.000000e+00 9.981000e-01 9.993000e-01
7.350000e+02 1.174000e-01 1.000000e+00 9.981000e-01 9.993000e-01
7.400000e+02 1.104000e-01 1.000000e+00 9.981000e-01 9.993000e-01
7.450000e+02 1.256000e-01 1.000000e+00 9.981000e-01 9.993000e-01
7.500000e+02 1.665000e-01 1.000000e+00 9.981000e-01 9.993000e-01
