2.050000e+03 9.100000e-01 9.726000e-01 9.679000e-01 9.998000e-01 1.000000e+00 1.000000e+00 9.775000e-01 1.000000e+00 9.891000e-01 1.000000e+00 9.983000e-01 9.400000e-02 9.699000e-01 9.980000e-01 1.000000e+00 1.000000e+00 1.000000e+00 1.000000e+00 1.000000e+00 1.000000e+00 1.000000e+00 1.000000e+00 1.000000e+00 1.000000e+00 1.000000e+00 1.000000e+00 1.000000e+00 1.000000e+00 1.000000e+00 1.000000e+00 1.000000e+00 1.000000e+00 1.000000e+00 1.000000e+00 1.000000e+00
2.051000e+03 8.120000e-01 9.660000e-01 8.694000e-01 9.998000e-01 1.000000e+00 1.000000e+00 9.778000e-01 1.000000e+00 9.891000e-01 1.000000e+00 9.983000e-01 2.080000e-01 8.757000e-01 9.928000e-01 1.000000e+00 1.000000e+00 1.000000e+00 1.000000e+00 1.000000e+00 1.000000e+00 1.000000e+00 1.000000e+00 1.000000e+00 1.000000e+00 1.000000e+00 1.000000e+00 1.000000e+00 1.000000e+00 1.000000e+00 1.000000e+00 1.000000e+00 1.000000e+00 1.000000e+00 1.000000e+00 1.000000e+00
2.052000e+03 7.826000e-01 9.703000e-01 8.338000e-01 9.997000e-01 1.000000e+00 1.000000e+00 9.782000e-01 1.000000e+00 9.891000e-01 1.000000e+00 9.983000e-01 2.450000e-01 8.340000e-01 9.998000e-01 1.000000e+00 1.000000e+00 1.000000e+00 1.000000e+00 1.000000e+00 1.000000e+00 1.000000e+00 1.000000e+00 1.000000e+00 1.000000e+00 1.000000e+00 1.000000e+00 1.000000e+00 1.000000e+00 1.000000e+00 1.000000e+00 1.000000e+00 1.000000e+00 1.000000e+00 1.000000e+00 1.000000e+00
2.053000e+03 8.736000e-01 9.341000e-01 9.665000e-01 9.997000e-01 1.000000e+00 1.000000e+00 9.785000e-01 1.000000e+00 9.891000e-01 1.000000e+00 9.983000e-01 1.350000e-01 9.667000e-01 9.999000e-01 1.000000e+00 1.000000e+00 1.000000e+00 1.000000e+00 1.000000e+00 1.000000e+00 1.000000e+00 1.000000e+00 1.000000e+00 1.000000e+00 1.000000e+00 1.000000e+00 1.000000e+00 1.000000e+00 1.000000e+00 1.000000e+00 1.000000e+00 1.000000e+00 1.000000e+00 1.000000e+00 1.000000e+00
2.054000e+03 7.573000e-01 9.406000e-01 8.318000e-01 9.997000e-01 1.000000e+00 1.000000e+00 9.788000e-01 1.000000e+00 9.891000e-01 1.000000e+00 9.983000e-01 2.780000e-01 8.336000e-01 9.978000e-01 1.000000e+00 1.000000e+00 1.000000e+00 1.000000e+00 1.000000e+00 1.000000e+00 1.000000e+00 1.000000e+00 1.000000e+00 1.000000e+00 1.000000e+00 1.000000e+00 1.000000e+00 1.000000e+00 1.000000e+00 1.000000e+00 1.000000e+00 1.000000e+00 1.000000e+00 1.000000e+00 1.000000e+00
2.055000e+03 7.531000e-01 9.706000e-01 8.014000e-01 9.997000e-01 1.000000e+00 1.000000e+00 9.792000e-01 1.000000e+00 9.891000e-01 1.000000e+00 9.983000e-01 2.840000e-01 8.097000e-01 9.898000e-01 1.000000e+00 1.000000e+00 1.000000e+00 1.000000e+00 1.000000e+00 1.000000e+00 1.000000e+00 1.000000e+00 1.000000e+00 1.000000e+00 1.000000e+00 1.000000e+00 1.000000e+00 1.000000e+00 1.000000e+00 1.000000e+00 1.000000e+00 1.000000e+00 1.000000e+00 1.000000e+00 1.000000e+00
2.056000e+03 9.135000e-01 9.859000e-01 9.566000e-01 9.997000e-01 1.000000e+00 1.000000e+00 9.795000e-01 1.000000e+00 9.891000e-01 1.000000e+00 9.983000e-01 9.000000e-02 9.574000e-01 9.992000e-01 1.000000e+00 1.000000e+00 1.000000e+00 1.000000e+00 1.000000e+00 1.000000e+00 1.000000e+00 1.000000e+00 1.000000e+00 1.000000e+00 1.000000e+00 1.000000e+00 1.000000e+00 1.000000e+00 1.000000e+00 1.000000e+00 1.000000e+00 1.000000e+00 1.000000e+00 1.000000e+00 1.000000e+00
2.057000e+03 7.627000e-01 9.790000e-01 8.041000e-01 9.997000e-01 1.000000e+00 1.000000e+00 9.799000e-01 1.000000e+00 9.891000e-01 1.000000e+00 9.983000e-01 2.710000e-01 8.043000e-01 9.998000e-01 1.000000e+00 1.000000e+00 1.000000e+00 1.000000e+00 1.000000e+00 1.000000e+00 1.000000e+00 1.000000e+00 1.000000e+00 1.000000e+00 1.000000e+00 1.000000e+00 1.000000e+00 1.000000e+00 1.000000e+00 1.000000e+00 1.000000e+00 1.000000e+00 1.000000e+00 1.000000e+00 1.000000e+00
2.058000e+03 7.431000e-01 9.632000e-01 7.960000e-01 9.997000e-01 1.000000e+00 1.000000e+00 9.802000e-01 1.000000e+00 9.891000e-01 1.000000e+00 9.983000e-01 2.970000e-01 7.979000e-01 9.976000e-01 1.000000e+00 1.000000e+00 1.000000e+00 1.000000e+00 1.000000e+00 1.000000e+00 1.000000e+00 1.000000e+00 1.000000e+00 1.000000e+00 1.000000e+00 1.000000e+00 1.000000e+00 1.000000e+00 1.000000e+00 1.000000e+00 1.000000e+00 1.000000e+00 1.000000e+00 1.000000e+00 1.000000e+00
2.059000e+03 8.237000e-01 8.881000e-01 9.566000e-01 9.996000e-01 1.000000e+00 1.000000e+00 9.806000e-01 1.000000e+00 9.891000e-01 1.000000e+00 9.983000e-01 1.940000e-01 9.571000e-01 9.995000e-01 1.000000e+00 1.000000e+00 1.000000e+00 1.000000e+00 1.000000e+00 1.000000e+00 1.000000e+00 1.000000e+00 1.000000e+00 1.000000e+00 1.000000e+00 1.000000e+00 1.000000e+00 1.000000e+00 1.000000e+00 1.000000e+00 1.000000e+00 1.000000e+00 1.000000e+00 1.000000e+00 1.000000e+00
2.060000e+03 3.505000e-01 4.644000e-01 7.782000e-01 9.996000e-01 1.000000e+00 1.000000e+00 9.809000e-01 1.000000e+00 9.891000e-01 1.000000e+00 9.983000e-01 1.048000e+00 7.903000e-01 9.846000e-01 1.000000e+00 1.000000e+00 1.000000e+00 1.000000e+00 1.000000e+00 1.000000e+00 1.000000e+00 1.000000e+00 1.000000e+00 1.000000e+00 1.000000e+00 1.000000e+00 1.000000e+00 1.000000e+00 1.000000e+00 1.000000e+00 1.000000e+00 1.000000e+00 1.000000e+00 1.000000e+00 1.000000e+00
2.061000e+03 4.873000e-01 6.250000e-01 8.038000e-01 9.996000e-01 1.000000e+00 1.000000e+00 9.812000e-01 1.000000e+00 9.891000e-01 1.000000e+00 9.983000e-01 7.190000e-01 8.042000e-01 9.995000e-01 1.000000e+00 1.000000e+00 1.000000e+00 1.000000e+00 1.000000e+00 1.000000e+00 1.000000e+00 1.000000e+00 1.000000e+00 1.000000e+00 1.000000e+00 1.000000e+00 1.000000e+00 1.000000e+00 1.000000e+00 1.000000e+00 1.000000e+00 1.000000e+00 1.000000e+00 1.000000e+00 1.000000e+00
2.062000e+03 8.397000e-01 9.096000e-01 9.515000e-01 9.994000e-01 1.000000e+00 1.000000e+00 9.814000e-01 1.000000e+00 9.891000e-01 1.000000e+00 9.983000e-01 1.750000e-01 9.540000e-01 9.973000e-01 1.000000e+00 1.000000e+00 1.000000e+00 1.000000e+00 1.000000e+00 1.000000e+00 1.000000e+00 1.000000e+00 1.000000e+00 1.000000e+00 1.000000e+00 1.000000e+00 1.000000e+00 1.000000e+00 1.000000e+00 1.000000e+00 1.000000e+00 1.000000e+00 1.000000e+00 1.000000e+00 1.000000e+00
2.063000e+03 6.647000e-01 8.687000e-01 7.885000e-01 9.995000e-01 1.000000e+00 1.000000e+00 9.817000e-01 1.000000e+00 9.891000e-01 1.000000e+00 9.983000e-01 4.080000e-01 7.888000e-01 9.997000e-01 1.000000e+00 1.000000e+00 1.000000e+00 1.000000e+00 1.000000e+00 1.000000e+00 1.000000e+00 1.000000e+00 1.000000e+00 1.000000e+00 1.000000e+00 1.000000e+00 1.000000e+00 1.000000e+00 1.000000e+00 1.000000e+00 1.000000e+00 1.000000e+00 1.000000e+00 1.000000e+00 1.000000e+00
2.064000e+03 4.558000e-01 5.817000e-01 8.074000e-01 9.994000e-01 1.000000e+00 1.000000e+00 9.819000e-01 1.000000e+00 9.891000e-01 1.000000e+00 9.983000e-01 7.860000e-01 8.242000e-01 9.795000e-01 1.000000e+00 1.000000e+00 1.000000e+00 1.000000e+00 1.000000e+00 1.000000e+00 1.000000e+00 1.000000e+00 1.000000e+00 1.000000e+00 1.000000e+00 1.000000e+00 1.000000e+00 1.000000e+00 1.000000e+00 1.000000e+00 1.000000e+00 1.000000e+00 1.000000e+00 1.000000e+00 1.000000e+00
2.065000e+03 5.310000e-02 5.700000e-02 9.597000e-01 9.994000e-01 1.000000e+00 1.000000e+00 9.821000e-01 1.000000e+00 9.891000e-01 1.000000e+00 9.983000e-01 2.935000e+00 9.616000e-01 9.981000e-01 1.000000e+00 1.000000e+00 1.000000e+00 1.000000e+00 1.000000e+00 1.000000e+00 1.000000e+00 1.000000e+00 1.000000e+00 1.000000e+00 1.000000e+00 1.000000e+00 1.000000e+00 1.000000e+00 1.000000e+00 1.000000e+00 1.000000e+00 1.000000e+00 1.000000e+00 1.000000e+00 1.000000e+00
2.066000e+03 1.597000e-01 2.055000e-01 8.003000e-01 9.993000e-01 1.000000e+00 1.000000e+00 9.824000e-01 1.000000e+00 9.891000e-01 1.000000e+00 9.983000e-01 1.834000e+00 8.025000e-01 9.972000e-01 1.000000e+00 1.000000e+00 1.000000e+00 1.000000e+00 1.000000e+00 1.000000e+00 1.000000e+00 1.000000e+00 1.000000e+00 1.000000e+00 1.000000e+00 1.000000e+00 1.000000e+00 1.000000e+00 1.000000e+00 1.000000e+00 1.000000e+00 1.000000e+00 1.000000e+00 1.000000e+00 1.000000e+00
2.067000e+03 7.707000e-01 8.298000e-01 9.563000e-01 9.993000e-01 1.000000e+00 1.000000e+00 9.826000e-01 1.000000e+00 9.891000e-01 1.000000e+00 9.983000e-01 2.600000e-01 9.566000e-01 9.997000e-01 1.000000e+00 1.000000e+00 1.000000e+00 1.000000e+00 1.000000e+00 1.000000e+00 1.000000e+00 1.000000e+00 1.000000e+00 1.000000e+00 1.000000e+00 1.000000e+00 1.000000e+00 1.000000e+00 1.000000e+00 1.000000e+00 1.000000e+00 1.000000e+00 1.000000e+00 1.000000e+00 1.000000e+00
2.068000e+03 7.709000e-01 9.226000e-01 8.603000e-01 9.991000e-01 1.000000e+00 1.000000e+00 9.829000e-01 1.000000e+00 9.891000e-01 1.000000e+00 9.983000e-01 2.600000e-01 8.613000e-01 9.988000e-01 1.000000e+00 1.000000e+00 1.000000e+00 1.000000e+00 1.000000e+00 1.000000e+00 1.000000e+00 1.000000e+00 1.000000e+00 1.000000e+00 1.000000e+00 1.000000e+00 1.000000e+00 1.000000e+00 1.000000e+00 1.000000e+00 1.000000e+00 1.000000e+00 1.000000e+00 1.000000e+00 1.000000e+00
2.069000e+03 7.684000e-01 9.638000e-01 8.207000e-01 9.991000e-01 1.000000e+00 1.000000e+00 9.831000e-01 1.000000e+00 9.891000e-01 1.000000e+00 9.983000e-01 2.630000e-01 8.456000e-01 9.705000e-01 1.000000e+00 1.000000e+00 1.000000e+00 1.000000e+00 1.000000e+00 1.000000e+00 1.000000e+00 1.000000e+00 1.000000e+00 1.000000e+00 1.000000e+00 1.000000e+00 1.000000e+00 1.000000e+00 1.000000e+00 1.000000e+00 1.000000e+00 1.000000e+00 1.000000e+00 1.000000e+00 1.000000e+00
2.070000e+03 9.085000e-01 9.765000e-01 9.577000e-01 9.989000e-01 1.000000e+00 1.000000e+00 9.834000e-01 1.000000e+00 9.891000e-01 1.000000e+00 9.983000e-01 9.600000e-02 9.607000e-01 9.969000e-01 1.000000e+00 1.000000e+00 1.000000e+00 1.000000e+00 1.000000e+00 1.000000e+00 1.000000e+00 1.000000e+00 1.000000e+00 1.000000e+00 1.000000e+00 1.000000e+00 1.000000e+00 1.000000e+00 1.000000e+00 1.000000e+00 1.000000e+00 1.000000e+00 1.000000e+00 1.000000e+00 1.000000e+00
2.071000e+03 8.426000e-01 9.767000e-01 8.882000e-01 9.985000e-01 1.000000e+00 1.000000e+00 9.836000e-01 1.000000e+00 9.891000e-01 1.000000e+00 9.983000e-01 1.710000e-01 8.885000e-01 9.997000e-01 1.000000e+00 1.000000e+00 1.000000e+00 1.000000e+00 1.000000e+00 1.000000e+00 1.000000e+00 1.000000e+00 1.000000e+00 1.000000e+00 1.000000e+00 1.000000e+00 1.000000e+00 1.000000e+00 1.000000e+00 1.000000e+00 1.000000e+00 1.000000e+00 1.000000e+00 1.000000e+00 1.000000e+00
2.072000e+03 8.225000e-01 9.291000e-01 9.108000e-01 9.988000e-01 1.000000e+00 1.000000e+00 9.838000e-01 1.000000e+00 9.891000e-01 1.000000e+00 9.983000e-01 1.950000e-01 9.114000e-01 9.994000e-01 1.000000e+00 1.000000e+00 1.000000e+00 1.000000e+00 1.000000e+00 1.000000e+00 1.000000e+00 1.000000e+00 1.000000e+00 1.000000e+00 1.000000e+00 1.000000e+00 1.000000e+00 1.000000e+00 1.000000e+00 1.000000e+00 1.000000e+00 1.000000e+00 1.000000e+00 1.000000e+00 1.000000e+00
2.073000e+03 6.865000e-01 7.589000e-01 9.304000e-01 9.989000e-01 1.000000e+00 1.000000e+00 9.841000e-01 1.000000e+00 9.890000e-01 1.000000e+00 9.983000e-01 3.760000e-01 9.674000e-01 9.618000e-01 1.000000e+00 1.000000e+00 1.000000e+00 1.000000e+00 1.000000e+00 1.000000e+00 1.000000e+00 1.000000e+00 1.000000e+00 1.000000e+00 1.000000e+00 1.000000e+00 1.000000e+00 1.000000e+00 1.000000e+00 1.000000e+00 1.000000e+00 1.000000e+00 1.000000e+00 1.000000e+00 1.000000e+00
2.074000e+03 3.662000e-01 4.019000e-01 9.370000e-01 9.989000e-01 1.000000e+00 1.000000e+00 9.843000e-01 1.000000e+00 9.890000e-01 1.000000e+00 9.983000e-01 1.005000e+00 9.415000e-01 9.952000e-01 1.000000e+00 1.000000e+00 1.000000e+00 1.000000e+00 1.000000e+00 1.000000e+00 1.000000e+00 1.000000e+00 1.000000e+00 1.000000e+00 1.000000e+00 1.000000e+00 1.000000e+00 1.000000e+00 1.000000e+00 1.000000e+00 1.000000e+00 1.000000e+00 1.000000e+00 1.000000e+00 1.000000e+00
2.075000e+03 7.749000e-01 8.281000e-01 9.621000e-01 9.988000e-01 1.000000e+00 1.000000e+00 9.846000e-01 1.000000e+00 9.890000e-01 1.000000e+00 9.983000e-01 2.550000e-01 9.625000e-01 9.995000e-01 1.000000e+00 1.000000e+00 1.000000e+00 1.000000e+00 1.000000e+00 1.000000e+00 1.000000e+00 1.000000e+00 1.000000e+00 1.000000e+00 1.000000e+00 1.000000e+00 1.000000e+00 1.000000e+00 1.000000e+00 1.000000e+00 1.000000e+00 1.000000e+00 1.000000e+00 1.000000e+00 1.000000e+00
2.076000e+03 8.603000e-01 9.599000e-01 9.215000e-01 9.987000e-01 1.000000e+00 9.999000e-01 9.848000e-01 1.000000e+00 9.890000e-01 1.000000e+00 9.983000e-01 1.500000e-01 9.219000e-01 9.995000e-01 1.000000e+00 1.000000e+00 1.000000e+00 1.000000e+00 1.000000e+00 1.000000e+00 1.000000e+00 1.000000e+00 1.000000e+00 1.000000e+00 1.000000e+00 1.000000e+00 1.000000e+00 1.000000e+00 1.000000e+00 1.000000e+00 1.000000e+00 1.000000e+00 1.000000e+00 1.000000e+00 1.000000e+00
2.077000e+03 1.893000e-01 9.394000e-01 2.070000e-01 9.989000e-01 1.000000e+00 9.999000e-01 9.851000e-01 1.000000e+00 9.890000e-01 1.000000e+00 9.983000e-01 1.665000e+00 2.084000e-01 9.933000e-01 1.000000e+00 1.000000e+00 1.000000e+00 1.000000e+00 1.000000e+00 1.000000e+00 1.000000e+00 1.000000e+00 1.000000e+00 1.000000e+00 1.000000e+00 1.000000e+00 1.000000e+00 1.000000e+00 1.000000e+00 1.000000e+00 1.000000e+00 1.000000e+00 1.000000e+00 1.000000e+00 1.000000e+00
2.078000e+03 3.510000e-01 8.801000e-01 4.099000e-01 9.987000e-01 1.000000e+00 9.998000e-01 9.853000e-01 1.000000e+00 9.890000e-01 1.000000e+00 9.983000e-01 1.047000e+00 4.303000e-01 9.525000e-01 1.000000e+00 1.000000e+00 1.000000e+00 1.000000e+00 1.000000e+00 1.000000e+00 1.000000e+00 1.000000e+00 1.000000e+00 1.000000e+00 1.000000e+00 1.000000e+00 1.000000e+00 1.000000e+00 1.000000e+00 1.000000e+00 1.000000e+00 1.000000e+00 1.000000e+00 1.000000e+00 1.000000e+00
2.079000e+03 5.591000e-01 7.175000e-01 8.009000e-01 9.984000e-01 1.000000e+00 9.997000e-01 9.855000e-01 1.000000e+00 9.890000e-01 1.000000e+00 9.983000e-01 5.820000e-01 8.016000e-01 9.992000e-01 1.000000e+00 1.000000e+00 1.000000e+00 1.000000e+00 1.000000e+00 1.000000e+00 1.000000e+00 1.000000e+00 1.000000e+00 1.000000e+00 1.000000e+00 1.000000e+00 1.000000e+00 1.000000e+00 1.000000e+00 1.000000e+00 1.000000e+00 1.000000e+00 1.000000e+00 1.000000e+00 1.000000e+00
2.080000e+03 8.711000e-01 9.440000e-01 9.481000e-01 9.987000e-01 1.000000e+00 9.997000e-01 9.858000e-01 1.000000e+00 9.890000e-01 1.000000e+00 9.983000e-01 1.380000e-01 9.486000e-01 9.994000e-01 1.000000e+00 1.000000e+00 1.000000e+00 1.000000e+00 1.000000e+00 1.000000e+00 1.000000e+00 1.000000e+00 1.000000e+00 1.000000e+00 1.000000e+00 1.000000e+00 1.000000e+00 1.000000e+00 1.000000e+00 1.000000e+00 1.000000e+00 1.000000e+00 1.000000e+00 1.000000e+00 1.000000e+00
2.081000e+03 8.764000e-01 9.632000e-01 9.353000e-01 9.980000e-01 1.000000e+00 9.997000e-01 9.859000e-01 1.000000e+00 9.890000e-01 1.000000e+00 9.983000e-01 1.320000e-01 9.390000e-01 9.961000e-01 1.000000e+00 1.000000e+00 1.000000e+00 1.000000e+00 1.000000e+00 1.000000e+00 1.000000e+00 1.000000e+00 1.000000e+00 1.000000e+00 1.000000e+00 1.000000e+00 1.000000e+00 1.000000e+00 1.000000e+00 1.000000e+00 1.000000e+00 1.000000e+00 1.000000e+00 1.000000e+00 1.000000e+00
2.082000e+03 5.767000e-01 6.752000e-01 8.775000e-01 9.983000e-01 1.000000e+00 9.996000e-01 9.861000e-01 1.000000e+00 9.890000e-01 1.000000e+00 9.983000e-01 5.500000e-01 9.375000e-01 9.360000e-01 1.000000e+00 1.000000e+00 1.000000e+00 1.000000e+00 1.000000e+00 1.000000e+00 1.000000e+00 1.000000e+00 1.000000e+00 1.000000e+00 1.000000e+00 1.000000e+00 1.000000e+00 1.000000e+00 1.000000e+00 1.000000e+00 1.000000e+00 1.000000e+00 1.000000e+00 1.000000e+00 1.000000e+00
2.083000e+03 9.315000e-01 9.770000e-01 9.797000e-01 9.981000e-01 1.000000e+00 9.996000e-01 9.862000e-01 1.000000e+00 9.890000e-01 1.000000e+00 9.983000e-01 7.100000e-02 9.815000e-01 9.982000e-01 1.000000e+00 1.000000e+00 1.000000e+00 1.000000e+00 1.000000e+00 1.000000e+00 1.000000e+00 1.000000e+00 1.000000e+00 1.000000e+00 1.000000e+00 1.000000e+00 1.000000e+00 1.000000e+00 1.000000e+00 1.000000e+00 1.000000e+00 1.000000e+00 1.000000e+00 1.000000e+00 1.000000e+00
2.084000e+03 9.056000e-01 9.823000e-01 9.474000e-01 9.980000e-01 1.000000e+00 9.996000e-01 9.864000e-01 1.000000e+00 9.890000e-01 1.000000e+00 9.983000e-01 9.900000e-02 9.481000e-01 9.992000e-01 1.000000e+00 1.000000e+00 1.000000e+00 1.000000e+00 1.000000e+00 1.000000e+00 1.000000e+00 1.000000e+00 1.000000e+00 1.000000e+00 1.000000e+00 1.000000e+00 1.000000e+00 1.000000e+00 1.000000e+00 1.000000e+00 1.000000e+00 1.000000e+00 1.000000e+00 1.000000e+00 1.000000e+00
2.085000e+03 8.937000e-01 9.639000e-01 9.525000e-01 9.981000e-01 1.000000e+00 9.996000e-01 9.865000e-01 1.000000e+00 9.890000e-01 1.000000e+00 9.983000e-01 1.120000e-01 9.553000e-01 9.970000e-01 1.000000e+00 1.000000e+00 1.000000e+00 1.000000e+00 1.000000e+00 1.000000e+00 1.000000e+00 1.000000e+00 1.000000e+00 1.000000e+00 1.000000e+00 1.000000e+00 1.000000e+00 1.000000e+00 1.000000e+00 1.000000e+00 1.000000e+00 1.000000e+00 1.000000e+00 1.000000e+00 1.000000e+00
2.086000e+03 8.508000e-01 9.599000e-01 9.111000e-01 9.974000e-01 1.000000e+00 9.995000e-01 9.867000e-01 1.000000e+00 9.890000e-01 1.000000e+00 9.982000e-01 1.620000e-01 9.832000e-01 9.267000e-01 1.000000e+00 1.000000e+00 1.000000e+00 1.000000e+00 1.000000e+00 1.000000e+00 1.000000e+00 1.000000e+00 1.000000e+00 1.000000e+00 1.000000e+00 1.000000e+00 1.000000e+00 1.000000e+00 1.000000e+00 1.000000e+00 1.000000e+00 1.000000e+00 1.000000e+00 1.000000e+00 1.000000e+00
2.087000e+03 5.680000e-01 6.102000e-01 9.563000e-01 9.979000e-01 1.000000e+00 9.995000e-01 9.868000e-01 1.000000e+00 9.890000e-01 1.000000e+00 9.982000e-01 5.660000e-01 9.634000e-01 9.927000e-01 1.000000e+00 1.000000e+00 1.000000e+00 1.000000e+00 1.000000e+00 1.000000e+00 1.000000e+00 1.000000e+00 1.000000e+00 1.000000e+00 1.000000e+00 1.000000e+00 1.000000e+00 1.000000e+00 1.000000e+00 1.000000e+00 1.000000e+00 1.000000e+00 1.000000e+00 1.000000e+00 1.000000e+00
2.088000e+03 7.806000e-01 8.103000e-01 9.901000e-01 9.973000e-01 1.000000e+00 9.995000e-01 9.869000e-01 1.000000e+00 9.890000e-01 1.000000e+00 9.982000e-01 2.480000e-01 9.913000e-01 9.989000e-01 1.000000e+00 1.000000e+00 1.000000e+00 1.000000e+00 1.000000e+00 1.000000e+00 1.000000e+00 1.000000e+00 1.000000e+00 1.000000e+00 1.000000e+00 1.000000e+00 1.000000e+00 1.000000e+00 1.000000e+00 1.000000e+00 1.000000e+00 1.000000e+00 1.000000e+00 1.000000e+00 1.000000e+00
2.089000e+03 7.640000e-01 8.097000e-01 9.694000e-01 9.975000e-01 1.000000e+00 9.995000e-01 9.871000e-01 1.000000e+00 9.890000e-01 1.000000e+00 9.982000e-01 2.690000e-01 9.715000e-01 9.979000e-01 1.000000e+00 1.000000e+00 1.000000e+00 1.000000e+00 1.000000e+00 1.000000e+00 1.000000e+00 1.000000e+00 1.000000e+00 1.000000e+00 1.000000e+00 1.000000e+00 1.000000e+00 1.000000e+00 1.000000e+00 1.000000e+00 1.000000e+00 1.000000e+00 1.000000e+00 1.000000e+00 1.000000e+00
2.090000e+03 1.145000e-01 1.211000e-01 9.716000e-01 9.975000e-01 1.000000e+00 9.994000e-01 9.872000e-01 1.000000e+00 9.890000e-01 1.000000e+00 9.982000e-01 2.167000e+00 9.805000e-01 9.909000e-01 1.000000e+00 1.000000e+00 1.000000e+00 1.000000e+00 1.000000e+00 1.000000e+00 1.000000e+00 1.000000e+00 1.000000e+00 1.000000e+00 1.000000e+00 1.000000e+00 1.000000e+00 1.000000e+00 1.000000e+00 1.000000e+00 1.000000e+00 1.000000e+00 1.000000e+00 1.000000e+00 1.000000e+00
2.091000e+03 6.848000e-01 7.717000e-01 9.120000e-01 9.970000e-01 1.000000e+00 9.994000e-01 9.875000e-01 1.000000e+00 9.890000e-01 1.000000e+00 9.982000e-01 3.790000e-01 9.954000e-01 9.162000e-01 1.000000e+00 1.000000e+00 1.000000e+00 1.000000e+00 1.000000e+00 1.000000e+00 1.000000e+00 1.000000e+00 1.000000e+00 1.000000e+00 1.000000e+00 1.000000e+00 1.000000e+00 1.000000e+00 1.000000e+00 1.000000e+00 1.000000e+00 1.000000e+00 1.000000e+00 1.000000e+00 1.000000e+00
2.092000e+03 8.832000e-01 9.238000e-01 9.824000e-01 9.970000e-01 1.000000e+00 9.994000e-01 9.877000e-01 1.000000e+00 9.890000e-01 1.000000e+00 9.982000e-01 1.240000e-01 9.846000e-01 9.977000e-01 1.000000e+00 1.000000e+00 1.000000e+00 1.000000e+00 1.000000e+00 1.000000e+00 1.000000e+00 1.000000e+00 1.000000e+00 1.000000e+00 1.000000e+00 1.000000e+00 1.000000e+00 1.000000e+00 1.000000e+00 1.000000e+00 1.000000e+00 1.000000e+00 1.000000e+00 1.000000e+00 1.000000e+00
2.093000e+03 8.117000e-01 9.126000e-01 9.142000e-01 9.965000e-01 1.000000e+00 9.993000e-01 9.879000e-01 1.000000e+00 9.890000e-01 1.000000e+00 9.982000e-01 2.090000e-01 9.154000e-01 9.987000e-01 1.000000e+00 1.000000e+00 1.000000e+00 1.000000e+00 1.000000e+00 1.000000e+00 1.000000e+00 1.000000e+00 1.000000e+00 1.000000e+00 1.000000e+00 1.000000e+00 1.000000e+00 1.000000e+00 1.000000e+00 1.000000e+00 1.000000e+00 1.000000e+00 1.000000e+00 1.000000e+00 1.000000e+00
2.094000e+03 8.250000e-01 9.565000e-01 8.858000e-01 9.971000e-01 1.000000e+00 9.993000e-01 9.881000e-01 1.000000e+00 9.890000e-01 1.000000e+00 9.982000e-01 1.920000e-01 8.903000e-01 9.949000e-01 1.000000e+00 1.000000e+00 1.000000e+00 1.000000e+00 1.000000e+00 1.000000e+00 1.000000e+00 1.000000e+00 1.000000e+00 1.000000e+00 1.000000e+00 1.000000e+00 1.000000e+00 1.000000e+00 1.000000e+00 1.000000e+00 1.000000e+00 1.000000e+00 1.000000e+00 1.000000e+00 1.000000e+00
2.095000e+03 7.807000e-01 9.184000e-01 8.732000e-01 9.967000e-01 1.000000e+00 9.993000e-01 9.883000e-01 1.000000e+00 9.890000e-01 1.000000e+00 9.982000e-01 2.480000e-01 9.788000e-01 8.921000e-01 1.000000e+00 1.000000e+00 1.000000e+00 1.000000e+00 1.000000e+00 1.000000e+00 1.000000e+00 1.000000e+00 1.000000e+00 1.000000e+00 1.000000e+00 1.000000e+00 1.000000e+00 1.000000e+00 1.000000e+00 1.000000e+00 1.000000e+00 1.000000e+00 1.000000e+00 1.000000e+00 1.000000e+00
2.096000e+03 9.339000e-01 9.718000e-01 9.865000e-01 9.972000e-01 1.000000e+00 9.992000e-01 9.886000e-01 1.000000e+00 9.890000e-01 1.000000e+00 9.982000e-01 6.800000e-02 9.892000e-01 9.973000e-01 1.000000e+00 1.000000e+00 1.000000e+00 1.000000e+00 1.000000e+00 1.000000e+00 1.000000e+00 1.000000e+00 1.000000e+00 1.000000e+00 1.000000e+00 1.000000e+00 1.000000e+00 1.000000e+00 1.000000e+00 1.000000e+00 1.000000e+00 1.000000e+00 1.000000e+00 1.000000e+00 1.000000e+00
2.097000e+03 7.013000e-01 7.254000e-01 9.933000e-01 9.961000e-01 1.000000e+00 9.992000e-01 9.888000e-01 1.000000e+00 9.890000e-01 1.000000e+00 9.982000e-01 3.550000e-01 9.947000e-01 9.986000e-01 1.000000e+00 1.000000e+00 1.000000e+00 1.000000e+00 1.000000e+00 1.000000e+00 1.000000e+00 1.000000e+00 1.000000e+00 1.000000e+00 1.000000e+00 1.000000e+00 1.000000e+00 1.000000e+00 1.000000e+00 1.000000e+00 1.000000e+00 1.000000e+00 1.000000e+00 1.000000e+00 1.000000e+00
2.098000e+03 9.012000e-01 9.353000e-01 9.888000e-01 9.972000e-01 1.000000e+00 9.991000e-01 9.890000e-01 1.000000e+00 9.889000e-01 1.000000e+00 9.982000e-01 1.040000e-01 9.920000e-01 9.967000e-01 1.000000e+00 1.000000e+00 1.000000e+00 1.000000e+00 1.000000e+00 1.000000e+00 1.000000e+00 1.000000e+00 1.000000e+00 1.000000e+00 1.000000e+00 1.000000e+00 1.000000e+00 1.000000e+00 1.000000e+00 1.000000e+00 1.000000e+00 1.000000e+00 1.000000e+00 1.000000e+00 1.000000e+00
2.099000e+03 8.218000e-01 9.722000e-01 8.681000e-01 9.962000e-01 1.000000e+00 9.991000e-01 9.893000e-01 1.000000e+00 9.889000e-01 1.000000e+00 9.982000e-01 1.960000e-01 9.904000e-01 8.765000e-01 1.000000e+00 1.000000e+00 1.000000e+00 1.000000e+00 1.000000e+00 1.000000e+00 1.000000e+00 1.000000e+00 1.000000e+00 1.000000e+00 1.000000e+00 1.000000e+00 1.000000e+00 1.000000e+00 1.000000e+00 1.000000e+00 1.000000e+00 1.000000e+00 1.000000e+00 1.000000e+00 1.000000e+00
2.100000e+03 6.891000e-01 7.158000e-01 9.874000e-01 9.973000e-01 1.000000e+00 9.990000e-01 9.895000e-01 1.000000e+00 9.889000e-01 1.000000e+00 9.982000e-01 3.720000e-01 9.931000e-01 9.943000e-01 1.000000e+00 1.000000e+00 1.000000e+00 1.000000e+00 1.000000e+00 1.000000e+00 1.000000e+00 1.000000e+00 1.000000e+00 1.000000e+00 1.000000e+00 1.000000e+00 1.000000e+00 1.000000e+00 1.000000e+00 1.000000e+00 1.000000e+00 1.000000e+00 1.000000e+00 1.000000e+00 1.000000e+00
