2.050000e+03 7.477300e-01 5.105600e-08 0.000000e+00 5.217800e-08
2.051000e+03 5.979454e-01 9.172600e-08 0.000000e+00 9.262700e-08
2.052000e+03 5.198433e-01 1.053600e-07 0.000000e+00 1.061400e-07
2.053000e+03 6.983972e-01 6.788600e-08 0.000000e+00 6.893500e-08
2.054000e+03 4.956197e-01 1.164500e-07 0.000000e+00 1.172100e-07
2.055000e+03 4.834087e-01 1.139400e-07 0.000000e+00 1.146800e-07
2.056000e+03 7.566447e-01 4.733600e-08 0.000000e+00 4.848200e-08
2.057000e+03 5.042263e-01 1.076700e-07 0.000000e+00 1.084400e-07
2.058000e+03 4.729087e-01 1.165100e-07 0.000000e+00 1.172200e-07
2.059000e+03 5.761362e-01 9.708100e-08 0.000000e+00 9.796400e-08
2.060000e+03 1.261260e-01 2.509200e-07 0.000000e+00 2.511200e-07
2.061000e+03 2.110611e-01 2.135400e-07 0.000000e+00 2.138700e-07
2.062000e+03 5.882243e-01 8.918500e-08 0.000000e+00 9.008500e-08
2.063000e+03 3.369137e-01 1.548200e-07 0.000000e+00 1.553400e-07
2.064000e+03 1.637360e-01 2.297300e-07 0.000000e+00 2.299900e-07
2.065000e+03 2.997410e-03 3.238300e-07 0.000000e+00 3.238300e-07
2.066000e+03 2.205312e-02 3.006400e-07 0.000000e+00 3.006800e-07
2.067000e+03 4.680163e-01 1.239900e-07 0.000000e+00 1.247200e-07
2.068000e+03 5.027420e-01 1.069500e-07 0.000000e+00 1.077300e-07
2.069000e+03 4.136590e-01 1.100300e-07 0.000000e+00 1.106700e-07
2.070000e+03 6.960684e-01 4.911400e-08 0.000000e+00 5.019400e-08
2.071000e+03 5.453680e-01 7.609500e-08 0.000000e+00 7.693700e-08
2.072000e+03 4.900153e-01 9.029300e-08 0.000000e+00 9.106100e-08
2.073000e+03 4.059089e-01 1.374400e-07 0.000000e+00 1.380800e-07
2.074000e+03 1.373799e-01 2.353800e-07 0.000000e+00 2.356100e-07
2.075000e+03 4.794489e-01 1.115800e-07 0.000000e+00 1.123300e-07
2.076000e+03 5.829406e-01 7.185400e-08 0.000000e+00 7.276200e-08
2.077000e+03 1.264883e-02 2.656000e-07 0.000000e+00 2.656200e-07
2.078000e+03 3.024547e-02 2.364300e-07 0.000000e+00 2.364900e-07
2.079000e+03 1.942897e-01 1.777800e-07 0.000000e+00 1.781000e-07
2.080000e+03 6.193454e-01 6.646200e-08 0.000000e+00 6.743000e-08
2.081000e+03 5.772118e-01 6.301200e-08 0.000000e+00 6.391300e-08
2.082000e+03 2.593252e-01 1.694900e-07 0.000000e+00 1.699100e-07
2.083000e+03 7.360887e-01 3.544500e-08 0.000000e+00 3.659000e-08
2.084000e+03 6.382475e-01 4.687200e-08 0.000000e+00 4.786100e-08
2.085000e+03 6.247710e-01 5.341900e-08 0.000000e+00 5.439600e-08
2.086000e+03 5.561115e-01 7.116100e-08 0.000000e+00 7.203400e-08
2.087000e+03 3.039755e-01 1.648900e-07 0.000000e+00 1.653700e-07
2.088000e+03 4.692665e-01 1.084300e-07 0.000000e+00 1.091700e-07
2.089000e+03 4.189022e-01 1.171300e-07 0.000000e+00 1.178000e-07
2.090000e+03 1.628946e-02 2.840900e-07 0.000000e+00 2.841100e-07
2.091000e+03 3.349087e-01 1.417000e-07 0.000000e+00 1.422300e-07
2.092000e+03 5.926974e-01 6.106000e-08 0.000000e+00 6.199300e-08
2.093000e+03 5.031896e-01 8.570800e-08 0.000000e+00 8.649700e-08
2.094000e+03 4.596827e-01 8.281700e-08 0.000000e+00 8.355100e-08
2.095000e+03 4.345039e-01 9.682400e-08 0.000000e+00 9.751000e-08
2.096000e+03 7.142941e-01 3.304800e-08 0.000000e+00 3.416800e-08
2.097000e+03 4.346911e-01 1.119700e-07 0.000000e+00 1.126500e-07
2.098000e+03 6.532288e-01 4.866600e-08 0.000000e+00 4.970000e-08
2.099000e+03 4.858977e-01 7.506200e-08 0.000000e+00 7.582400e-08
2.100000e+03 4.410841e-01 1.157900e-07 0.000000e+00 1.164900e-07
