2.050000e+03 9.100000e-01 1.000000e+00 9.891000e-01 9.983000e-01
2.051000e+03 8.120000e-01 1.000000e+00 9.891000e-01 9.983000e-01
2.052000e+03 7.826000e-01 1.000000e+00 9.891000e-01 9.983000e-01
2.053000e+03 8.736000e-01 1.000000e+00 9.891000e-01 9.983000e-01
2.054000e+03 7.573000e-01 1.000000e+00 9.891000e-01 9.983000e-01
2.055000e+03 7.531000e-01 1.000000e+00 9.891000e-01 9.983000e-01
2.056000e+03 9.135000e-01 1.000000e+00 9.891000e-01 9.983000e-01
2.057000e+03 7.627000e-01 1.000000e+00 9.891000e-01 9.983000e-01
2.058000e+03 7.431000e-01 1.000000e+00 9.891000e-01 9.983000e-01
2.059000e+03 8.237000e-01 1.000000e+00 9.891000e-01 9.983000e-01
2.060000e+03 3.505000e-01 1.000000e+00 9.891000e-01 9.983000e-01
2.061000e+03 4.873000e-01 1.000000e+00 9.891000e-01 9.983000e-01
2.062000e+03 8.397000e-01 1.000000e+00 9.891000e-01 9.983000e-01
2.063000e+03 6.647000e-01 1.000000e+00 9.891000e-01 9.983000e-01
2.064000e+03 4.558000e-01 1.000000e+00 9.891000e-01 9.983000e-01
2.065000e+03 5.310000e-02 1.000000e+00 9.891000e-01 9.983000e-01
2.066000e+03 1.597000e-01 1.000000e+00 9.891000e-01 9.983000e-01
2.067000e+03 7.707000e-01 1.000000e+00 9.891000e-01 9.983000e-01
2.068000e+03 7.709000e-01 1.000000e+00 9.891000e-01 9.983000e-01
2.069000e+03 7.684000e-01 1.000000e+00 9.891000e-01 9.983000e-01
2.070000e+03 9.085000e-01 1.000000e+00 9.891000e-01 9.983000e-01
2.071000e+03 8.426000e-01 1.000000e+00 9.891000e-01 9.983000e-01
2.072000e+03 8.225000e-01 1.000000e+00 9.891000e-01 9.983000e-01
2.073000e+03 6.865000e-01 1.000000e+00 9.890000e-01 9.983000e-01
2.074000e+03 3.662000e-01 1.000000e+00 9.890000e-01 9.983000e-01
2.075000e+03 7.749000e-01 1.000000e+00 9.890000e-01 9.983000e-01
2.076000e+03 8.603000e-01 1.000000e+00 9.890000e-01 9.983000e-01
2.077000e+03 1.893000e-01 1.000000e+00 9.890000e-01 9.983000e-01
2.078000e+03 3.510000e-01 1.000000e+00 9.890000e-01 9.983000e-01
2.079000e+03 5.591000e-01 1.000000e+00 9.890000e-01 9.983000e-01
2.080000e+03 8.711000e-01 1.000000e+00 9.890000e-01 9.983000e-01
2.081000e+03 8.764000e-01 1.000000e+00 9.890000e-01 9.983000e-01
2.082000e+03 5.767000e-01 1.000000e+00 9.890000e-01 9.983000e-01
2.083000e+03 9.315000e-01 1.000000e+00 9.890000e-01 9.983000e-01
2.084000e+03 9.056000e-01 1.000000e+00 9.890000e-01 9.983000e-01
2.085000e+03 8.937000e-01 1.000000e+00 9.890000e-01 9.983000e-01
2.086000e+03 8.508000e-01 1.000000e+00 9.890000e-01 9.982000e-01
2.087000e+03 5.680000e-01 1.000000e+00 9.890000e-01 9.982000e-01
2.088000e+03 7.806000e-01 1.000000e+00 9.890000e-01 9.982000e-01
2.089000e+03 7.640000e-01 1.000000e+00 9.890000e-01 9.982000e-01
2.090000e+03 1.145000e-01 1.000000e+00 9.890000e-01 9.982000e-01
2.091000e+03 6.848000e-01 1.000000e+00 9.890000e-01 9.982000e-01
2.092000e+03 8.832000e-01 1.000000e+00 9.890000e-01 9.982000e-01
2.093000e+03 8.117000e-01 1.000000e+00 9.890000e-01 9.982000e-01
2.094000e+03 8.250000e-01 1.000000e+00 9.890000e-01 9.982000e-01
2.095000e+03 7.807000e-01 1.000000e+00 9.890000e-01 9.982000e-01
2.096000e+03 9.339000e-01 1.000000e+00 9.890000e-01 9.982000e-01
2.097000e+03 7.013000e-01 1.000000e+00 9.890000e-01 9.982000e-01
2.098000e+03 9.012000e-01 1.000000e+00 9.889000e-01 9.982000e-01
2.099000e+03 8.218000e-01 1.000000e+00 9.889000e-01 9.982000e-01
2.100000e+03 6.891000e-01 1.000000e+00 9.889000e-01 9.982000e-01
