6.550000e+02 0.000000e+00 1.506500e-05 0.000000e+00 0.000000e+00 1.506500e-05 9.999000e+01 7.000000e-01 2.996700e+02
6.600000e+02 0.000000e+00 1.503100e-05 0.000000e+00 0.000000e+00 1.503100e-05 9.999000e+01 7.000000e-01 2.996700e+02
6.650000e+02 0.000000e+00 1.499400e-05 0.000000e+00 0.000000e+00 1.499400e-05 9.999000e+01 7.000000e-01 2.996690e+02
6.700000e+02 0.000000e+00 1.495600e-05 0.000000e+00 0.000000e+00 1.495600e-05 9.999000e+01 7.000000e-01 2.996690e+02
6.750000e+02 0.000000e+00 1.491600e-05 0.000000e+00 0.000000e+00 1.491600e-05 9.999000e+01 7.000000e-01 2.996680e+02
6.800000e+02 0.000000e+00 1.487400e-05 0.000000e+00 0.000000e+00 1.487400e-05 9.999000e+01 7.000000e-01 2.996670e+02
6.850000e+02 0.000000e+00 1.482900e-05 0.000000e+00 0.000000e+00 1.482900e-05 9.999000e+01 7.000000e-01 2.996670e+02
6.900000e+02 0.000000e+00 1.478300e-05 0.000000e+00 0.000000e+00 1.478300e-05 9.999000e+01 7.000000e-01 2.996660e+02
6.950000e+02 0.000000e+00 1.473500e-05 0.000000e+00 0.000000e+00 1.473500e-05 9.999000e+01 7.000000e-01 2.996650e+02
7.000000e+02 0.000000e+00 1.468500e-05 0.000000e+00 0.000000e+00 1.468500e-05 9.999000e+01 7.000000e-01 2.996630e+02
7.050000e+02 0.000000e+00 1.463300e-05 0.000000e+00 0.000000e+00 1.463300e-05 9.999000e+01 7.000000e-01 2.996600e+02
7.100000e+02 0.000000e+00 1.457900e-05 0.000000e+00 0.000000e+00 1.457900e-05 9.999000e+01 7.000000e-01 2.996520e+02
7.150000e+02 0.000000e+00 1.452300e-05 0.000000e+00 0.000000e+00 1.452300e-05 9.999000e+01 7.000000e-01 2.996450e+02
