2.050000e+03 8.837264e-01 1.593600e-08 0.000000e+00 4.871300e-07 1.972400e-10 1.972400e-10 0.000000e+00 0.000000e+00 5.032600e-07 8.270000e-07 8.130000e-07 1.240000e-01 1.000000e+00 9.633800e-07 2.972480e+02
2.051000e+03 7.451277e-01 3.733800e-08 0.000000e+00 4.093600e-07 1.647900e-10 1.647900e-10 0.000000e+00 0.000000e+00 4.468700e-07 6.940000e-07 6.780000e-07 2.940000e-01 1.000000e+00 9.626500e-07 2.938310e+02
2.052000e+03 6.720937e-01 4.612700e-08 0.000000e+00 3.680100e-07 1.446000e-10 1.446000e-10 0.000000e+00 0.000000e+00 4.142800e-07 6.130000e-07 5.940000e-07 3.970000e-01 1.000000e+00 9.643100e-07 2.917320e+02
2.053000e+03 8.561526e-01 2.097700e-08 0.000000e+00 4.672300e-07 1.922800e-10 1.922800e-10 0.000000e+00 0.000000e+00 4.884000e-07 8.070000e-07 7.910000e-07 1.550000e-01 1.000000e+00 9.627600e-07 2.966560e+02
2.054000e+03 6.698275e-01 4.810500e-08 0.000000e+00 3.643300e-07 1.458800e-10 1.458800e-10 0.000000e+00 0.000000e+00 4.125800e-07 6.160000e-07 5.990000e-07 4.010000e-01 1.000000e+00 9.636900e-07 2.918140e+02
2.055000e+03 6.297638e-01 5.228800e-08 0.000000e+00 3.414000e-07 1.355000e-10 1.355000e-10 0.000000e+00 0.000000e+00 3.938200e-07 5.770000e-07 5.550000e-07 4.620000e-01 1.000000e+00 9.693800e-07 2.905790e+02
2.056000e+03 8.801624e-01 1.577200e-08 0.000000e+00 4.755500e-07 1.996100e-10 1.996100e-10 0.000000e+00 0.000000e+00 4.915200e-07 8.370000e-07 8.200000e-07 1.280000e-01 1.000000e+00 9.736100e-07 2.971490e+02
2.057000e+03 6.422138e-01 5.024100e-08 0.000000e+00 3.458300e-07 1.385700e-10 1.385700e-10 0.000000e+00 0.000000e+00 3.962100e-07 5.880000e-07 5.680000e-07 4.430000e-01 1.000000e+00 9.692700e-07 2.909510e+02
2.058000e+03 6.219743e-01 5.330900e-08 0.000000e+00 3.338200e-07 1.332500e-10 1.332500e-10 0.000000e+00 0.000000e+00 3.872600e-07 5.690000e-07 5.450000e-07 4.750000e-01 1.000000e+00 9.692700e-07 2.903980e+02
2.059000e+03 8.027570e-01 2.810100e-08 0.000000e+00 4.294100e-07 1.797200e-10 1.797200e-10 0.000000e+00 0.000000e+00 4.576900e-07 7.590000e-07 7.340000e-07 2.200000e-01 1.000000e+00 9.763000e-07 2.953370e+02
2.060000e+03 3.029084e-01 1.186300e-07 0.000000e+00 1.614900e-07 6.252200e-11 6.252200e-11 0.000000e+00 0.000000e+00 2.801800e-07 2.760000e-07 2.520000e-07 1.194000e+00 1.000000e+00 9.743400e-07 2.816600e+02
2.061000e+03 4.345020e-01 8.952100e-08 0.000000e+00 2.308800e-07 9.058500e-11 9.058500e-11 0.000000e+00 0.000000e+00 3.204900e-07 3.960000e-07 3.660000e-07 8.340000e-01 1.000000e+00 9.728900e-07 2.854020e+02
2.062000e+03 8.087602e-01 2.603500e-08 0.000000e+00 4.283100e-07 1.781600e-10 1.781600e-10 0.000000e+00 0.000000e+00 4.545200e-07 7.530000e-07 7.270000e-07 2.120000e-01 1.000000e+00 9.750600e-07 2.954340e+02
2.063000e+03 5.506529e-01 6.354700e-08 0.000000e+00 2.906400e-07 1.151000e-10 1.151000e-10 0.000000e+00 0.000000e+00 3.543100e-07 4.970000e-07 4.670000e-07 5.970000e-01 1.000000e+00 9.781600e-07 2.883830e+02
2.064000e+03 4.269099e-01 9.005800e-08 0.000000e+00 2.245800e-07 8.949100e-11 8.949100e-11 0.000000e+00 0.000000e+00 3.147300e-07 3.900000e-07 3.600000e-07 8.510000e-01 1.000000e+00 9.778500e-07 2.852000e+02
2.065000e+03 7.451376e-02 1.739100e-07 0.000000e+00 3.906800e-08 1.498300e-11 1.498300e-11 0.000000e+00 0.000000e+00 2.130000e-07 7.020000e-08 5.790000e-08 2.597000e+00 1.000000e+00 9.795100e-07 2.749890e+02
2.066000e+03 1.552921e-01 1.484500e-07 0.000000e+00 8.114800e-08 3.049500e-11 3.049500e-11 0.000000e+00 0.000000e+00 2.296300e-07 1.380000e-07 1.210000e-07 1.862000e+00 1.000000e+00 9.827100e-07 2.770130e+02
2.067000e+03 7.630593e-01 3.361900e-08 0.000000e+00 3.974100e-07 1.676300e-10 1.676300e-10 0.000000e+00 0.000000e+00 4.311900e-07 7.070000e-07 6.810000e-07 2.700000e-01 1.000000e+00 9.819900e-07 2.943930e+02
2.068000e+03 6.966717e-01 4.184300e-08 0.000000e+00 3.616200e-07 1.507100e-10 1.507100e-10 0.000000e+00 0.000000e+00 4.036100e-07 6.350000e-07 6.130000e-07 3.610000e-01 1.000000e+00 9.843700e-07 2.925790e+02
2.069000e+03 5.950964e-01 4.988800e-08 0.000000e+00 3.078600e-07 1.198800e-10 1.198800e-10 0.000000e+00 0.000000e+00 3.578700e-07 5.120000e-07 4.870000e-07 5.190000e-01 1.000000e+00 9.834400e-07 2.892580e+02
2.070000e+03 8.665401e-01 1.613700e-08 0.000000e+00 4.467900e-07 1.867800e-10 1.867800e-10 0.000000e+00 0.000000e+00 4.631100e-07 7.790000e-07 7.610000e-07 1.430000e-01 1.000000e+00 9.855100e-07 2.967900e+02
2.071000e+03 7.215826e-01 3.344000e-08 0.000000e+00 3.708100e-07 1.460300e-10 1.460300e-10 0.000000e+00 0.000000e+00 4.043900e-07 6.140000e-07 5.940000e-07 3.260000e-01 1.000000e+00 9.797100e-07 2.929340e+02
2.072000e+03 7.045742e-01 3.487400e-08 0.000000e+00 3.608600e-07 1.428400e-10 1.428400e-10 0.000000e+00 0.000000e+00 3.958700e-07 6.030000e-07 5.800000e-07 3.500000e-01 1.000000e+00 9.844700e-07 2.924210e+02
2.073000e+03 6.419821e-01 5.131800e-08 0.000000e+00 3.277000e-07 1.374300e-10 1.374300e-10 0.000000e+00 0.000000e+00 3.791600e-07 5.830000e-07 5.560000e-07 4.430000e-01 1.000000e+00 9.849900e-07 2.912880e+02
2.074000e+03 3.511423e-01 1.053800e-07 0.000000e+00 1.786400e-07 6.986900e-11 6.986900e-11 0.000000e+00 0.000000e+00 2.840900e-07 3.030000e-07 2.790000e-07 1.047000e+00 1.000000e+00 9.878800e-07 2.834000e+02
2.075000e+03 7.519671e-01 3.351500e-08 0.000000e+00 3.812800e-07 1.588500e-10 1.588500e-10 0.000000e+00 0.000000e+00 4.149500e-07 6.680000e-07 6.430000e-07 2.850000e-01 1.000000e+00 9.858200e-07 2.940770e+02
2.076000e+03 7.851625e-01 2.550500e-08 0.000000e+00 3.967800e-07 1.643900e-10 1.643900e-10 0.000000e+00 0.000000e+00 4.224500e-07 6.950000e-07 6.660000e-07 2.420000e-01 1.000000e+00 9.893300e-07 2.946970e+02
2.077000e+03 4.303745e-02 1.533000e-07 0.000000e+00 2.167600e-08 5.005200e-12 5.005200e-12 0.000000e+00 0.000000e+00 1.749800e-07 2.690000e-08 1.930000e-08 3.146000e+00 1.000000e+00 9.867500e-07 2.712150e+02
2.078000e+03 1.120004e-01 1.257900e-07 0.000000e+00 5.622100e-08 1.447100e-11 1.447100e-11 0.000000e+00 0.000000e+00 1.820200e-07 6.800000e-08 5.730000e-08 2.189000e+00 1.000000e+00 9.874700e-07 2.722860e+02
2.079000e+03 4.157626e-01 7.902600e-08 0.000000e+00 2.080000e-07 6.963400e-11 6.963400e-11 0.000000e+00 0.000000e+00 2.871000e-07 3.050000e-07 2.790000e-07 8.780000e-01 1.000000e+00 9.861300e-07 2.841720e+02
2.080000e+03 8.282417e-01 2.090600e-08 0.000000e+00 4.129700e-07 1.766000e-10 1.766000e-10 0.000000e+00 0.000000e+00 4.340600e-07 7.350000e-07 7.150000e-07 1.880000e-01 1.000000e+00 9.848800e-07 2.958870e+02
2.081000e+03 7.923126e-01 2.319000e-08 0.000000e+00 3.937400e-07 1.566300e-10 1.566300e-10 0.000000e+00 0.000000e+00 4.170800e-07 6.550000e-07 6.340000e-07 2.330000e-01 1.000000e+00 9.843700e-07 2.948250e+02
2.082000e+03 4.970953e-01 6.954100e-08 0.000000e+00 2.462000e-07 9.628200e-11 9.628200e-11 0.000000e+00 0.000000e+00 3.158400e-07 4.120000e-07 3.860000e-07 6.990000e-01 1.000000e+00 9.910900e-07 2.870660e+02
2.083000e+03 9.143289e-01 1.017300e-08 0.000000e+00 4.513300e-07 1.927500e-10 1.927500e-10 0.000000e+00 0.000000e+00 4.617000e-07 7.960000e-07 7.810000e-07 9.000000e-02 1.000000e+00 9.901600e-07 2.980060e+02
2.084000e+03 8.278117e-01 1.838600e-08 0.000000e+00 4.072600e-07 1.647100e-10 1.647100e-10 0.000000e+00 0.000000e+00 4.258100e-07 6.880000e-07 6.660000e-07 1.890000e-01 1.000000e+00 9.860200e-07 2.957270e+02
2.085000e+03 8.268167e-01 1.906900e-08 0.000000e+00 4.054000e-07 1.679000e-10 1.679000e-10 0.000000e+00 0.000000e+00 4.246400e-07 6.990000e-07 6.780000e-07 1.900000e-01 1.000000e+00 9.904700e-07 2.957470e+02
2.086000e+03 7.815121e-01 2.588800e-08 0.000000e+00 3.819100e-07 1.544500e-10 1.544500e-10 0.000000e+00 0.000000e+00 4.079500e-07 6.480000e-07 6.220000e-07 2.470000e-01 1.000000e+00 9.966700e-07 2.946820e+02
2.087000e+03 5.620123e-01 6.570400e-08 0.000000e+00 2.737200e-07 1.109900e-10 1.109900e-10 0.000000e+00 0.000000e+00 3.395400e-07 4.670000e-07 4.450000e-07 5.760000e-01 1.000000e+00 9.894300e-07 2.895640e+02
2.088000e+03 8.074969e-01 2.675800e-08 0.000000e+00 3.919600e-07 1.604700e-10 1.604700e-10 0.000000e+00 0.000000e+00 4.188800e-07 6.700000e-07 6.450000e-07 2.140000e-01 1.000000e+00 9.924300e-07 2.956490e+02
2.089000e+03 7.571560e-01 3.138100e-08 0.000000e+00 3.662900e-07 1.500400e-10 1.500400e-10 0.000000e+00 0.000000e+00 3.978200e-07 6.290000e-07 6.020000e-07 2.780000e-01 1.000000e+00 9.991500e-07 2.942550e+02
2.090000e+03 1.434056e-01 1.429300e-07 0.000000e+00 6.914300e-08 2.693200e-11 2.693200e-11 0.000000e+00 0.000000e+00 2.121000e-07 1.200000e-07 1.050000e-07 1.942000e+00 1.000000e+00 9.955400e-07 2.772840e+02
2.091000e+03 6.683761e-01 4.419000e-08 0.000000e+00 3.211800e-07 1.276600e-10 1.276600e-10 0.000000e+00 0.000000e+00 3.655000e-07 5.410000e-07 5.100000e-07 4.030000e-01 1.000000e+00 9.908800e-07 2.920320e+02
2.092000e+03 8.679513e-01 1.575600e-08 0.000000e+00 4.156800e-07 1.688000e-10 1.688000e-10 0.000000e+00 0.000000e+00 4.316100e-07 7.040000e-07 6.780000e-07 1.420000e-01 1.000000e+00 9.956400e-07 2.969220e+02
2.093000e+03 7.700532e-01 2.864200e-08 0.000000e+00 3.675600e-07 1.488600e-10 1.488600e-10 0.000000e+00 0.000000e+00 3.963500e-07 6.240000e-07 5.970000e-07 2.610000e-01 1.000000e+00 9.945000e-07 2.945460e+02
2.094000e+03 7.201874e-01 3.093100e-08 0.000000e+00 3.426000e-07 1.334700e-10 1.334700e-10 0.000000e+00 0.000000e+00 3.736700e-07 5.620000e-07 5.350000e-07 3.280000e-01 1.000000e+00 9.935700e-07 2.929570e+02
2.095000e+03 6.921386e-01 3.643200e-08 0.000000e+00 3.281500e-07 1.293300e-10 1.293300e-10 0.000000e+00 0.000000e+00 3.647100e-07 5.490000e-07 5.160000e-07 3.680000e-01 1.000000e+00 9.987400e-07 2.923670e+02
2.096000e+03 9.227330e-01 8.802700e-09 0.000000e+00 4.360100e-07 1.872200e-10 1.872200e-10 0.000000e+00 0.000000e+00 4.450000e-07 7.750000e-07 7.520000e-07 8.000000e-02 1.000000e+00 1.001000e-06 2.982200e+02
2.097000e+03 7.072201e-01 4.205600e-08 0.000000e+00 3.330500e-07 1.306400e-10 1.306400e-10 0.000000e+00 0.000000e+00 3.752400e-07 5.530000e-07 5.200000e-07 3.460000e-01 1.000000e+00 1.000900e-06 2.933740e+02
2.098000e+03 8.975720e-01 1.243900e-08 0.000000e+00 4.212800e-07 1.813200e-10 1.813200e-10 0.000000e+00 0.000000e+00 4.339000e-07 7.500000e-07 7.270000e-07 1.080000e-01 1.000000e+00 1.005300e-06 2.976760e+02
2.099000e+03 7.188142e-01 3.173200e-08 0.000000e+00 3.362400e-07 1.306700e-10 1.306700e-10 0.000000e+00 0.000000e+00 3.681100e-07 5.560000e-07 5.210000e-07 3.300000e-01 1.000000e+00 1.005900e-06 2.930250e+02
2.100000e+03 6.982462e-01 4.307800e-08 0.000000e+00 3.255200e-07 1.403200e-10 1.403200e-10 0.000000e+00 0.000000e+00 3.687400e-07 5.840000e-07 5.600000e-07 3.590000e-01 1.000000e+00 1.007100e-06 2.931740e+02
